                       Hæstu búsmeðaltöl fyrir bakvöðva þar sem skoðaðar voru
                                 50 gimbrar eða fleiri haustið 2013




                                                                                   Frampartur
                                                        Ómvöðvi


                                                                  Ómfita


                                                                           Lögun
                                               Þungi
                                     Fjöldi




                                                                                                               Heild
                                                                                                 Læri


                                                                                                        Ull
Býlisnr. Býlisheiti
Borgarfjarðarsýsla
1338481 Hestur                      502       35,2     28,7       2,9      3,7     8,0          17,6    7,9   33,4
1344111 Hægindi                      77       44,3     28,6       3,1      4,3     8,5          17,5    7,9   33,9
1337361 Eystra-Súlunes               95       44,3     28,5       3,2      4,0     8,7          17,6    8,1   34,3
1339091 Syðstu-Fossar                59       42,6     28,4       2,5      4,1     8,3          17,4    7,8   33,4
1343521 Oddsstaðir 1                148       39,3     28,2       2,5      4,1     8,4          17,4    7,8   33,5
1344251 Kópareykir                   68       45,7     27,8       2,9      4,1     8,6          17,8    7,9   34,3
1338441 Hellur                      126       40,8     27,4       2,9      4,0     8,1          17,1    7,8   33,0
1343941 Deildartunga 1               77       42,6     26,7       3,0      3,7     8,4          17,3    8,0   33,6
1343631 Skarð 1                      59       36,1     26,6       2,2      4,0     8,3          17,3    7,8   33,4
1331571 Bjarteyjarsandur            188       35,8     26,6       2,3      3,9     8,3          17,1    7,8   33,2
1336941 Ytri Hólmur I               224       37,3     26,6       2,6      3,8     8,2          17,1    7,9   33,1
1337951 Skorholt                    305       42,1     26,5       2,8      3,7     8,2          17,0    7,9   33,0
Mýrasýsla
1347631 Dýrastaðir                   54       40,1     29,9       2,7      4,0     8,2          17,2    8,0   33,4
1359421 Leirulækur                   72       41,7     28,1       3,4      3,8     8,3          17,3    8,0   33,6
1347481 Sigmundarstaðir             136       40,1     27,4       2,6      3,9     8,3          17,1    8,3   33,6
1360291 Staðarhraun                 173       40,5     27,4       2,9      3,8     8,3          17,2    7,8   33,2
1347351 Höll                        143       39,0     27,1       3,0      3,9     8,2          17,1    8,0   33,3
1348551 Bakkakot                    207       41,8     26,9       3,0      4,0     8,3          17,2    7,9   33,3
1346611 Sámsstaðir                  165       43,2     26,9       3,2      3,9     8,3          17,1    7,9   33,3
1360361 Traðir                       77       40,3     26,8       3,2      3,8     8,3          17,2    7,9   33,3
1769651 Þorgautsstaðir 2            122       37,6     26,7       2,3      4,1     8,3          17,3    7,9   33,5
1346371 Bjarnastaðir                137       42,1     26,6       2,8      3,9     8,3          17,1    7,8   33,2
1359931 Brúarland                    94       37,2     26,2       2,4      3,8     8,3          17,3    7,9   33,5
1346412 Gilsbakki                   229       43,8     26,2       3,0      3,8     8,3          17,3    7,9   33,5
1348121 Hvammur                     127       41,7     26,1       3,2      3,9     8,3          17,2    7,7   33,1
Snæfells- og Hnappadalssýsla
1361341 Fáskrúðarbakki              149       44,2     28,2       3,8      3,8     8,5          17,5    8,0   33,9
1360511 Haukatunga 2 Syðri          251       38,9     28,0       2,7      4,0     8,3          17,5    7,9   33,7
1361391 Hjarðarfell                 370       38,7     27,8       2,6      4,1     8,4          17,4    8,0   33,8
1360851 Snorrastaðir 2               66       38,8     27,7       3,7      3,6     8,4          17,4    7,7   33,4
1361421 Hofsstaðir                  196       33,8     27,5       2,5      3,9     8,2          17,3    8,0   33,5
1360971 Dalsmynni                    68       42,6     27,5       3,4      3,9     8,4          17,4    7,9   33,6
1369341 Helgafell                    60       44,6     27,2       2,0      4,0     8,4          17,4    7,9   33,5
1362081 Gaul                        135       38,2     27,1       2,8      4,0     8,5          17,4    7,9   33,8
1360661 Jörfi                       136       35,3     27,0       1,8      3,9     8,4          17,2    7,9   33,4
1366341 Kverná-Neðri                 52       38,5     26,5       2,8      3,8     8,4          17,4    8,1   33,9
7002681 Eyrarvegur 12                61       37,9     26,4       2,1      3,9     8,4          17,3    7,9   33,6
1361901 Álftavatn                   122       38,0     26,4       2,7      3,9     8,3          17,3    8,0   33,6
1360741 Mýrdalur                    232       42,1     26,4       3,2      3,8     8,3          17,1    7,8   33,2
1361211 Þverá                        56       47,7     26,1       3,3      3,7     8,5          16,9    8,2   33,5
Dalasýsla
1377342 Rauðbarðaholt                85       44,9     28,9       4,0      4,1     8,5          17,5    7,9   33,9
                      Hæstu búsmeðaltöl fyrir bakvöðva þar sem skoðaðar voru
                                50 gimbrar eða fleiri haustið 2013




                                                                                  Frampartur
                                                       Ómvöðvi


                                                                 Ómfita


                                                                          Lögun
                                              Þungi
                                    Fjöldi




                                                                                                              Heild
                                                                                                Læri


                                                                                                       Ull
Býlisnr. Býlisheiti
1379061 Bær                         50       46,0     28,7       3,3      4,1     8,7          17,7    7,9   34,2
1375461 Stóra-Vatnshorn            167       38,8     28,3       3,0      3,9     8,4          17,4    7,8   33,6
1378191 Geirmundarstaðir           236       38,1     27,7       2,5      4,0     8,1          17,3    7,9   33,3
1377801 Lyngbrekka                  77       42,0     27,7       3,6      3,9     8,2          17,1    8,0   33,3
1378261 Klifmýri                   443       39,6     27,5       2,5      3,9     8,2          17,2    7,8   33,3
1377071 Ásgarður                    92       41,8     27,5       2,5      4,2     8,3          17,3    7,9   33,4
1375491 Vatn                       167       41,7     27,2       3,2      4,0     8,5          17,3    8,0   33,7
1378621 Kjarlaksvellir             118       43,2     27,2       3,2      3,8     8,3          17,1    8,0   33,3
1379261 Háafell                     50       44,4     27,0       3,0      3,8     8,3          17,3    7,9   33,5
1379181 Geirshlíð                   93       39,4     26,8       3,0      3,8     8,2          17,1    8,0   33,3
1379291 Harrastaðir                 74       41,4     26,8       4,1      4,0     8,4          17,0    8,0   33,4
1377471 Breiðabólsstaður           165       40,3     26,6       3,1      3,8     8,2          17,1    7,9   33,2
1377321 Magnússkógar 3             116       41,1     26,6       3,1      3,8     8,3          17,0    7,8   33,1
1379651 Skörð                      200       38,9     26,6       3,2      3,6     8,3          17,0    7,8   33,1
1378011 Valþúfa                    154       44,5     26,6       3,7      3,6     8,2          17,0    7,8   33,0
1377361 Skerðingsstaðir            115       39,6     26,5       3,2      3,8     8,5          17,3    7,9   33,6
1375901 Svarfhóll                  309       38,7     26,2       2,4      3,8     8,3          17,0    7,9   33,2
1378851 Stóra-Holt                 117       43,1     26,2       2,7      4,0     8,1          17,1    7,9   33,1
1379591 Sauðafell                  162       42,7     26,2       3,7      3,6     8,3          17,0    8,2   33,5
Barðastrandarsýslur
1404451 Grænahlíð                  296       40,1     27,0       3,0      3,9     8,3          17,1    8,0   33,3
1404401 Foss                       104       40,8     26,8       3,1      3,9     8,4          17,3    8,2   33,8
1395331 Árbær                      178       44,3     26,7       3,4      4,0     8,6          17,7    8,4   34,6
1396051 Kambur                      77       42,0     26,2       3,2      3,9     8,3          17,3    8,4   34,0
1395341 Bakki                      212       38,3     26,1       3,9      3,9     8,2          16,9    8,0   33,0
1396391 Reykhólar                  198       45,5     26,0       4,5      3,7     8,2          17,1    8,2   33,4
Vestur-Ísafjarðarsýsla
1395021 Minni-Hlíð                 157       38,5     27,9       3,1      3,9     8,3          17,4    8,0   33,6
1412401 Birkihlíð                   99       39,6     27,6       2,9      4,1     8,3          17,3    8,1   33,7
1414211 Minni-Hattardalur           73       42,6     27,3       3,1      4,1     8,3          17,4    7,9   33,6
1412421 Botn 2                     108       38,9     27,0       2,9      3,9     8,3          17,3    8,2   33,8
1412551 Staður                     132       38,8     26,8       2,8      4,0     8,3          17,3    8,0   33,6
1406331 Hólar                      151       41,7     26,7       3,1      4,0     8,4          17,3    8,1   33,7
1410231 Tröð                        88       43,5     26,7       3,1      3,7     8,2          17,0    8,0   33,1
1406621 Kirkjuból                  180       38,3     26,3       2,8      4,0     8,3          17,2    8,0   33,5
1406601 Ketilseyri                 348       38,6     26,3       3,1      3,8     8,2          17,2    8,1   33,4
Strandasýsla
1421531 Stóra-Fjarðarhorn          185       43,4     30,1       2,9      3,9     8,3          17,4    8,4   34,0
1421271 Smáhamrar 2                269       45,5     29,4       3,5      4,1     8,5          17,6    8,0   34,1
1421401 Broddanes 1                156       42,1     28,9       3,8      3,9     8,5          17,6    8,0   34,0
1417431 Bassastaðir                173       45,6     28,8       3,8      4,1     8,4          17,7    8,1   34,2
1416391 Skjaldfönn                  86       48,3     28,6       3,7      3,8     8,4          17,3    7,5   33,2
1421241 Miðdalsgröf                237       40,4     28,1       3,1      4,1     8,3          17,3    8,2   33,8
1421601 Gröf                       132       43,6     28,1       3,5      3,9     8,3          17,1    8,3   33,7
                       Hæstu búsmeðaltöl fyrir bakvöðva þar sem skoðaðar voru
                                 50 gimbrar eða fleiri haustið 2013




                                                                                   Frampartur
                                                        Ómvöðvi


                                                                  Ómfita


                                                                           Lögun
                                               Þungi
                                     Fjöldi




                                                                                                               Heild
                                                                                                 Læri


                                                                                                        Ull
Býlisnr. Býlisheiti
1421151 Húsavík                     215       41,8     27,9       2,9      3,9     8,2          17,3    8,1   33,6
1416671 Bær                         205       40,1     27,7       3,1      3,7     8,3          17,3    8,0   33,5
1422111 Laxárdalur 3                212       43,4     27,7       3,4      4,1     8,2          17,3    8,2   33,7
1421131 Heydalsá 1 og 3             360       42,4     27,4       2,5      3,8     8,3          17,3    8,3   33,9
1416951 Melar 1                     150       39,5     27,4       3,1      3,9     8,4          17,7    8,0   34,0
1421311 Tröllatunga                 234       41,3     27,2       2,7      3,7     8,2          17,3    8,0   33,5
1421851 Bær 2                       154       43,4     27,2       4,0      3,9     8,3          17,3    8,1   33,5
1421351 Þorpar                      186       41,3     27,0       3,3      4,0     8,3          17,2    8,2   33,7
1416921 Krossnes                     74       39,4     26,8       3,0      3,7     8,3          17,0    8,1   33,3
1422311 Valdasteinsstaðir           157       42,9     26,6       2,9      3,8     8,1          17,1    7,9   33,1
1418831 Ytri-Ós                     152       39,6     26,6       3,3      3,9     8,1          17,1    8,2   33,4
1422051 Kollsá 2                    135       42,5     26,6       3,8      3,9     8,3          17,2    8,4   33,9
1416651 Árnes 2                      51       40,4     26,4       3,5      3,7     8,5          17,4    8,0   33,8
1421581 Bræðrabrekka                116       41,2     26,3       3,4      3,9     8,1          16,8    8,2   33,0
1416941 Litla Ávík                   73       39,4     26,1       2,9      3,6     8,2          17,2    8,4   33,7
1422251 Skálholtsvík 2              237       41,3     26,1       3,9      3,6     8,3          17,2    8,0   33,4
1422141 Ljótunnarstaðir 1            51       38,3     26,0       3,5      3,8     8,1          16,7    8,1   32,9
Vestur-Húnavatnssýsla
1441001 Bergsstaðir                 176       43,4     30,1       3,6      4,2     8,6          17,7    7,8   34,1
1441611 Syðri-Urriðaá               184       42,2     29,4       3,1      4,5     8,4          17,5    7,8   33,7
1444571 Bergsstaðir                 159       42,8     29,2       2,8      4,0     8,4          17,4    7,9   33,7
1440161 Bálkastaðir 1               100       42,6     28,9       3,3      4,1     8,1          17,1    7,9   33,1
1441411 Mýrar 2                     242       42,7     28,8       3,1      4,3     8,4          17,3    7,8   33,5
1441442 Neðri-Torfustaðir           112       42,5     28,6       3,1      4,1     8,3          17,3    8,0   33,5
1441401 Mýrar                       127       42,5     28,3       3,3      4,1     8,3          17,2    7,9   33,4
1441421 Mýrar 3                      72       41,6     28,1       3,4      3,9     8,2          17,1    7,9   33,1
1440651 Bjargshóll                   92       44,9     28,0       3,6      4,1     8,4          17,3    8,0   33,6
1444931 Neðra-Vatnshorn             137       41,5     27,8       3,0      4,0     8,3          17,1    8,0   33,3
1445021 Syðri-Sauðadalsá            174       42,4     27,8       3,2      3,7     8,5          17,3    8,1   33,8
1440771 Haugur                       66       43,5     27,7       3,7      3,8     8,3          17,4    7,9   33,6
1445631 Saurbær                     215       44,9     27,4       3,7      3,9     8,2          17,1    8,1   33,4
1440201 Brautarholt                  87       43,2     27,2       3,4      3,9     8,3          17,2    8,0   33,5
1440621 Barkarstaðir                237       39,9     27,1       3,0      3,8     8,2          17,0    7,7   32,8
1440561 Þóroddsstaðir               234       40,6     26,8       2,4      4,1     8,1          17,0    7,9   33,0
1440821 Ytra-Bjarg                   67       44,3     26,7       3,2      4,0     8,4          17,1    7,9   33,3
1445141 Vatnshóll                   239       39,7     26,6       3,0      3,8     8,3          17,3    8,3   33,8
1445161 Þorgrímsstaðir               84       40,0     26,6       3,3      3,9     8,2          17,3    8,0   33,4
1444681 Grafarkot                    79       40,7     26,6       3,6      3,9     8,2          17,0    8,0   33,3
1446411 Víðidalstunga               195       39,2     26,5       2,8      3,8     8,1          17,0    7,7   32,7
1445481 Krossanes                   112       42,9     26,5       3,3      3,9     8,2          17,2    8,0   33,3
1446431 Víðidalstunga 2              92       40,9     26,4       2,5      3,6     8,2          17,1    8,0   33,2
1440351 Óspaksstaðir                 62       40,3     26,4       3,0      3,7     8,0          16,7    8,0   32,7
1440151 Akurbrekka                  121       39,0     26,0       3,4      3,6     8,3          17,2    8,0   33,4
Austur-Húnavatnssýsla
                      Hæstu búsmeðaltöl fyrir bakvöðva þar sem skoðaðar voru
                                50 gimbrar eða fleiri haustið 2013




                                                                                  Frampartur
                                                       Ómvöðvi


                                                                 Ómfita


                                                                          Lögun
                                              Þungi
                                    Fjöldi




                                                                                                              Heild
                                                                                                Læri


                                                                                                       Ull
Býlisnr. Býlisheiti
1447401 Akur                        89       41,9     31,2       3,5      4,4     8,5          17,7    8,0   34,1
1453191 Stekkjardalur               87       43,1     29,5       3,7      4,0     8,4          17,5    8,3   34,1
1447411 Árholt                      50       41,2     28,9       4,1      4,0     8,7          17,7    7,9   34,1
1447211 Litla-Giljá                 83       42,9     28,8       3,9      4,0     8,5          17,3    8,0   33,8
1447291 Sveinsstaðir               148       42,4     28,5       4,1      3,9     8,2          17,1    7,9   33,1
1446601 Forsæludalur               117       42,8     28,4       3,6      3,6     8,1          17,0    8,0   33,0
1453401 Bergsstaðir                 65       41,6     28,1       3,6      4,1     8,5          17,3    7,8   33,6
1454191 Fagranes                    50       41,7     28,0       3,2      3,9     8,5          17,1    7,9   33,4
1453391 Barkarstaðir                80       41,8     27,9       3,3      4,0     8,2          17,0    8,0   33,2
1446761 Hof                        123       42,2     27,7       2,9      3,8     8,3          17,3    8,1   33,6
1458761 Víkur                       67       41,7     27,6       2,9      3,9     8,2          17,1    7,9   33,1
1447281 Steinnes                   349       40,5     27,6       2,9      3,6     8,3          17,2    7,9   33,2
1454391 Neðri-Mýrar                 91       39,7     27,6       3,1      4,1     8,1          17,1    8,0   33,2
1447161 Hnjúkur                    120       43,3     27,6       3,3      4,0     8,3          17,2    7,8   33,2
1453801 Leifsstaðir 1               62       39,9     27,5       3,6      4,2     8,3          17,1    7,8   33,1
1453081 Litlidalur                  73       42,1     27,4       2,8      4,0     8,2          17,2    7,8   33,1
1458451 Hafnir                     108       42,0     27,2       3,3      3,7     8,3          17,2    8,0   33,5
1447581 Hæll                       257       41,0     27,1       3,3      3,7     8,2          17,3    7,9   33,4
1453031 Höllustaðir 2               87       42,0     27,1       3,4      3,7     8,1          17,0    7,8   32,9
1452972 Holt                       150       40,8     27,1       3,7      4,1     8,2          16,8    8,0   33,0
1454471 Sölvabakki                 165       44,2     27,0       3,4      3,8     8,2          17,2    7,9   33,2
1447801 Reykir                     114       41,2     26,7       3,1      3,8     8,1          17,0    8,0   33,1
1453711 Hólabær                    149       39,0     26,6       3,2      4,0     8,2          17,2    7,9   33,3
1454741 Syðri-Ey                   129       40,5     26,4       3,3      3,7     8,1          16,9    8,0   33,0
1446841 Kornsá                     130       38,2     26,2       2,9      3,7     8,2          16,9    8,1   33,2
1447061 Brekka                      99       37,5     26,1       2,3      3,8     8,1          16,9    7,8   32,7
1454121 Breiðavað                  174       37,8     26,1       2,4      3,5     8,2          17,2    7,8   33,2
1454671 Kambakot                   115       39,9     26,1       2,9      3,7     8,3          17,2    8,4   33,8
Skagafjarðarsýsla
1459791 Hóll                        52       47,0     31,5       3,8      4,0     8,8          17,8    7,9   34,4
1464871 Sleitustaðir                77       44,0     29,8       3,5      3,9     8,6          17,4    8,0   33,9
1459971 Árgerði                     78       42,2     29,6       3,2      4,0     8,5          17,6    7,9   34,1
1463901 Keldudalur                  53       41,3     29,1       2,8      3,9     8,4          17,8    7,9   34,1
1464111 Ytri-Hofdalir               74       46,8     29,1       3,6      3,9     8,5          17,5    8,2   34,2
1464212 Atlastaðir                 238       43,1     29,0       3,3      3,6     8,5          17,5    7,9   33,8
1469171 Þrasastaðir                130       42,2     28,7       2,4      3,7     8,1          17,1    8,1   33,3
1459621 Veðramót 1                  74       43,5     28,7       3,9      3,8     8,3          17,3    8,0   33,5
1460761 Vallanes                    59       45,3     28,6       2,6      4,0     8,4          17,7    7,9   33,9
1463371 Sólheimagerði               51       42,5     28,5       3,5      3,8     8,2          17,6    7,7   33,5
1460651 Syðra-Skörðugil            234       40,4     28,4       2,5      3,7     8,2          17,5    7,7   33,3
1462791 Flatatunga                  95       44,7     28,3       2,8      4,1     8,2          17,4    7,7   33,2
1459011 Keta                       104       42,8     28,3       3,0      4,0     8,4          17,4    7,9   33,6
1464821 Reykir                      62       41,2     28,2       2,2      4,1     8,3          17,2    8,1   33,7
1464711 Kjarvalsstaðir              73       38,6     28,0       2,6      3,9     8,3          17,1    8,0   33,3
                      Hæstu búsmeðaltöl fyrir bakvöðva þar sem skoðaðar voru
                                50 gimbrar eða fleiri haustið 2013




                                                                                  Frampartur
                                                       Ómvöðvi


                                                                 Ómfita


                                                                          Lögun
                                              Þungi
                                    Fjöldi




                                                                                                              Heild
                                                                                                Læri


                                                                                                       Ull
Býlisnr. Býlisheiti
Eyjafjarðarsýsla
1525071 Ytri-Bægisá 1               58       39,4     31,2       2,5      3,9     8,5          17,7    7,7   33,8
1530251 Bárðartjörn                114       42,2     31,0       2,9      4,3     8,1          17,5    7,8   33,4
1524461 Syðri-Bægisá                80       40,0     30,3       2,7      3,8     8,6          17,9    8,0   34,4
1519321 Hof                         75       45,4     30,2       2,6      3,7     8,2          17,1    8,0   33,2
1519121 Búrfell                     52       43,0     30,0       2,8      3,7     8,5          17,7    8,2   34,5
1526561 Hríshóll                    58       39,2     29,6       2,4      4,4     8,5          17,7    7,9   34,1
1525981 Garðsá                      67       38,9     29,4       2,0      3,7     8,1          17,0    7,9   32,9
1524091 Skriða                      77       40,7     29,2       2,4      3,8     8,6          17,7    8,0   34,2
1513571 Háls                        77       42,1     29,0       2,2      3,8     8,2          17,3    8,2   33,6
1526221 Gullbrekka                  73       38,6     29,0       3,2      4,4     8,4          17,6    8,7   34,6
1525161 Neðri-Vindheimar            77       42,3     28,8       3,4      3,7     8,3          17,3    7,9   33,5
1519101 Brekka                      60       42,0     28,6       3,1      3,7     8,4          17,3    8,0   33,7
1530241 Áshóll                     137       42,6     28,5       3,0      4,1     8,1          17,4    8,1   33,6
1521771 Stóru-Hámundarstaðir        82       39,7     28,2       2,1      3,6     8,2          17,2    8,0   33,4
1523261 Kjarni                      69       40,0     28,2       2,8      3,6     8,2          17,3    8,3   33,8
1528421 Ytri-Villingadalur          53       41,0     28,0       3,0      3,8     8,5          17,2    8,6   34,3
Suður-Þingeyjarsýsla
1533271 Sigríðarstaðir              50       43,7     32,3       3,1      4,3     8,3          17,6    7,9   33,8
1537711 Ingjaldsstaðir             144       40,7     31,9       2,9      4,4     8,3          17,7    8,2   34,1
1534591 Stóru-Tjarnir               72       41,6     31,4       3,1      4,3     8,3          17,5    7,9   33,7
1540071 Litlu-Reykir               165       38,3     31,2       2,8      4,5     8,3          17,9    7,9   34,0
1537471 Heiðarbraut                 73       41,2     31,0       2,8      4,3     8,2          17,6    8,1   33,7
1532211 Böðvarsnes                  53       44,8     31,0       3,4      4,3     8,3          17,6    7,9   33,8
1540331 Árholt                      88       38,1     30,9       2,9      4,4     8,3          17,7    8,0   33,9
1533841 Þverá                      145       40,6     30,8       3,0      4,3     8,3          17,6    7,9   33,7
1540131 Skarðaborg                 150       39,9     30,6       2,5      4,4     8,4          17,8    7,9   34,0
1534261 Hrifla                     218       38,1     30,5       2,6      4,3     8,3          17,5    8,0   33,7
1538471 Fagraneskot                 52       39,8     30,5       2,9      4,4     8,3          17,6    8,0   33,8
1532911 Kambsstaðir                 79       42,7     30,5       3,0      4,2     8,2          17,5    7,9   33,5
1534341 Kross                       77       42,6     30,2       2,8      4,2     8,2          17,5    7,8   33,4
1534891 Hlíðarendi                 114       36,6     30,1       2,5      4,4     8,3          17,6    7,9   33,8
1538821 Yzti-Hvammur               112       38,8     29,9       2,8      4,3     8,2          17,8    7,9   33,8
1540282 Þverá                       87       42,7     29,8       2,9      4,2     8,2          17,5    7,9   33,5
1533661 Vatnsleysa                 107       40,8     29,3       2,5      4,2     8,1          17,4    8,0   33,4
1535272 Úlfsbær                     69       37,7     29,3       2,6      4,1     8,1          17,2    7,8   33,0
1538441 Brúnahlíð                   60       42,7     29,3       2,6      4,2     8,2          17,5    7,8   33,5
1532321 Fornhólar                   91       41,7     29,3       2,8      4,2     8,2          17,6    8,0   33,7
1535261 Svartárkot                 147       37,4     29,2       2,7      4,2     8,1          17,3    7,8   33,2
1533991 Björg                       54       43,4     29,2       2,8      4,2     8,1          17,5    7,9   33,4
1534181 Hlíð                        95       44,7     29,2       3,2      4,3     8,3          17,7    7,8   33,7
1537111 Auðnir                      56       47,6     29,0       2,9      4,2     8,2          17,2    7,8   33,2
1540431 Héðinshöfði 2               99       35,9     28,9       2,6      4,3     8,2          17,6    7,9   33,7
1540581 Syðri-Sandhólar            111       41,6     28,9       2,9      3,9     8,5          17,5    7,9   33,9
                       Hæstu búsmeðaltöl fyrir bakvöðva þar sem skoðaðar voru
                                 50 gimbrar eða fleiri haustið 2013




                                                                                   Frampartur
                                                        Ómvöðvi


                                                                  Ómfita


                                                                           Lögun
                                               Þungi
                                     Fjöldi




                                                                                                               Heild
                                                                                                 Læri


                                                                                                        Ull
Býlisnr. Býlisheiti
1534871 Halldórsstaðir 2            140       41,6     28,7       2,4      3,8     8,3          17,5    7,9   33,7
1533461 Sólvangur                   155       41,6     28,6       3,1      4,1     8,2          17,4    7,8   33,3
1538071 Stafn 1                     110       34,7     28,4       2,5      4,2     8,2          17,3    8,2   33,6
1535671 Grænavatn I                  68       32,0     28,4       2,5      4,2     8,2          17,1    7,9   33,1
1534771 Bjarnastaðir                128       39,9     28,3       2,8      4,0     8,0          17,1    7,9   33,0
1535281 Víðiker                     138       41,7     28,0       2,6      4,0     8,1          17,2    7,9   33,1
Norður-Þingeyjarsýsla
1541441 Brekka                       97       38,6     31,7       2,8      4,6     8,5          17,7    7,9   34,0
1545671 Laxárdalur 1                154       39,5     31,4       2,8      4,5     8,3          17,5    7,9   33,7
1542241 Snartarstaðir II            155       41,3     31,2       3,2      4,6     8,6          17,8    7,8   34,2
1545521 Hagaland                     56       40,5     30,9       2,4      4,8     8,7          17,9    8,0   34,5
1545581 Hvammur 2                    72       43,6     30,9       2,9      4,6     8,3          17,5    7,9   33,6
1541641 Hafrafellstunga 1           184       37,9     30,8       2,5      4,3     8,3          17,6    7,8   33,7
1542041 Sandfellshagi 1             150       38,1     30,5       2,8      4,4     8,4          17,7    7,9   34,0
1541161 Mörk                         83       44,2     30,5       2,9      4,5     8,5          17,6    8,0   34,1
1545431 Garður                      148       39,0     30,4       2,7      4,6     8,4          17,6    8,0   33,9
1542361 Þverá                       115       40,1     30,2       2,7      4,4     8,4          17,7    7,8   33,9
1542011 Presthólar                  150       37,0     30,0       2,5      4,6     8,4          17,6    7,8   33,8
1541841 Leifsstaðir                 151       39,6     29,9       2,8      4,4     8,4          17,5    8,0   33,8
1545491 Gunnarsstaðir 2              60       40,0     29,9       3,2      4,4     8,3          17,5    7,9   33,6
1541821 Klifshagi 2                  78       40,1     29,8       2,8      4,6     8,5          17,9    7,8   34,1
1542581 Ærlækur                     132       36,2     29,7       2,5      4,6     8,4          17,4    7,8   33,6
1545471 Gunnarsstaðir 1             356       40,0     29,7       2,8      4,5     8,4          17,4    7,8   33,6
1545541 Holt og Laxárdalur           87       37,2     29,6       2,5      4,5     8,4          17,4    7,9   33,6
1545751 Svalbarð                    177       38,3     29,6       2,5      4,5     8,3          17,4    7,9   33,5
1542051 Sandfellshagi 2             187       39,2     29,4       2,7      4,4     8,4          17,6    8,1   34,0
1542021 Reistarnes                   83       43,1     29,4       3,2      4,5     8,3          17,4    7,8   33,5
1541541 Gilsbakki                    89       36,8     29,1       2,6      4,2     8,1          17,3    7,9   33,3
1548391 Tungusel                    178       40,8     29,1       2,8      4,4     8,2          17,1    8,0   33,3
1541141 Lón 2                        98       37,2     28,9       2,7      4,2     8,1          17,3    7,8   33,3
1541851 Leirhöfn                    129       40,4     28,8       3,2      4,4     8,2          17,2    7,9   33,2
1540831 Fjöll 1                     104       35,6     28,6       2,7      4,4     8,2          17,3    7,8   33,3
1541281 Vogar                        55       44,1     28,5       3,2      4,5     8,2          17,0    8,1   33,2
1545611 Ytra-Áland                  153       40,0     28,1       2,8      4,5     8,2          17,3    7,9   33,3
1542291 Valþjófsstaðir III           68       38,5     28,0       2,8      4,4     8,2          17,2    8,1   33,5
Norður-Múlasýsla
1564521 Burstafell I                 96       44,8     29,4       3,0      4,5     8,3          17,4    8,1   33,6
1572141 Rauðholt                    129       42,0     29,2       3,1      4,1     8,3          17,4    8,3   33,9
1569201 Merki                        51       40,0     28,4       3,2      3,8     8,3          17,3    8,1   33,7
1569671 Melar                        81       43,3     28,4       3,9      4,0     8,2          17,2    8,3   33,7
1565251 Strandhöfn                   98       40,3     28,2       3,0      4,3     8,1          16,8    8,2   33,0
1569501 Egilsstaðir                 113       37,9     28,2       3,1      3,9     8,1          16,9    8,0   33,0
1569031 Hákonarstaðir 3             107       42,4     28,1       3,8      4,0     8,3          17,5    7,5   33,3
Suður-Múlasýsla
                      Hæstu búsmeðaltöl fyrir bakvöðva þar sem skoðaðar voru
                                50 gimbrar eða fleiri haustið 2013




                                                                                  Frampartur
                                                       Ómvöðvi


                                                                 Ómfita


                                                                          Lögun
                                              Þungi
                                    Fjöldi




                                                                                                              Heild
                                                                                                Læri


                                                                                                       Ull
Býlisnr. Býlisheiti
1559721 Stóra Breiðuvík             60       48,0     29,5       3,5      3,9     8,1          17,3    8,0   33,3
1580911 Gilsárteigur 2              50       45,8     28,0       3,1      4,2     8,2          17,3    8,0   33,5
Austur-Skaftafellssýsla
1594601 Ártún                      110       43,5     32,6       3,1      4,0     9,0          17,8    7,8   34,5
1601261 Hestgerði                   67       42,8     30,7       2,9      4,0     8,8          17,6    8,0   34,3
1601161 Breiðabólsst 4 -Hali-       75       44,3     30,3       2,6      4,1     8,6          17,4    7,9   33,9
1600921 Hólabrekka                 104       37,4     30,2       2,2      3,9     8,4          17,3    7,9   33,6
1593781 Hvammur                    118       41,7     30,0       2,6      4,0     8,6          17,4    7,9   33,9
1601011 Nýpugarðar                 242       38,9     29,7       2,5      3,9     8,4          17,3    7,8   33,5
1593991 Vík 2                       76       42,3     29,7       2,8      4,0     8,5          17,3    7,9   33,8
1594761 Fornustekkar l             349       39,8     29,6       3,2      3,8     8,5          17,5    7,8   33,7
1601141 Breiðabólsst 2 Gerð        176       42,4     29,4       2,6      3,9     8,5          17,3    7,9   33,7
1601961 Svínafell 3                122       43,3     29,3       2,4      3,9     8,6          17,5    7,7   33,8
1601311 Kálfafell 2                160       40,3     29,3       3,0      3,7     8,5          17,3    7,9   33,7
1601211 Borgarhöfn 6 Lækjarhú       83       37,4     29,0       2,4      3,8     8,5          17,2    7,9   33,6
1601811 Litla-Hof                  278       40,3     28,7       2,1      3,8     8,5          17,3    7,8   33,6
1601451 Smyrlabjörg 3              126       37,7     28,4       2,6      3,8     8,5          17,3    8,0   33,7
1601681 Hnappavellir 7             161       42,3     28,2       1,9      3,8     8,4          17,3    7,8   33,5
1601741 Hof 1 /Eystri Bær          228       38,7     28,1       2,2      3,8     8,5          17,5    7,8   33,7
Vestur-Skaftafellssýsla
1634731 Þykkvibær 1                 70       42,6     30,7       2,9      3,9     8,6          17,6    8,0   34,1
1633071 Borgarfell 1 og 3          173       41,8     30,0       1,8      4,3     8,7          17,7    8,0   34,4
1634661 Ytri-Lyngar                 69       40,5     29,7       2,5      3,9     8,6          17,3    8,0   33,8
1633941 Kirkjubæjarklaustur 2      192       35,4     29,3       2,2      3,8     8,4          17,1    7,9   33,4
1634101 Mörk                       129       39,8     28,7       2,4      3,8     8,4          17,1    7,9   33,4
1634581 Syðri-Fljótar              134       38,9     28,3       1,9      3,8     8,3          17,0    7,9   33,1
1630001 Brekkur 3                   74       35,7     28,2       1,9      3,5     8,5          17,3    7,8   33,5
Rangárvallasýsla
1636721 Ytri-Skógar                160       45,3     31,0       3,0      4,0     8,7          18,0    7,8   34,5
1651372 Raftholt                    67       45,3     30,7       4,0      4,1     8,6          17,5    7,9   33,9
1637171 Skarðshlíð 1               106       44,2     30,4       3,2      3,9     8,7          17,8    7,9   34,3
1636521 Drangshlíðardalur           66       41,1     29,9       2,6      3,9     8,5          17,4    7,9   33,7
1640201 Hlíðarendakot               79       43,0     29,7       3,4      4,1     8,5          17,4    8,1   33,9
1640601 Sámsstaðir 3                57       40,6     29,4       2,9      4,3     8,4          17,4    7,9   33,6
1639321 Berjanes                    72       43,6     28,5       2,4      3,8     8,6          17,3    7,9   33,8
1640651 Teigur 1                   167       41,4     28,3       2,5      4,1     8,4          17,4    7,9   33,7
1650651 Árbæjarhjáleiga 1           58       37,6     28,2       2,0      4,2     8,5          17,5    8,0   34,0
1652941 Kálfholt                   130       42,7     28,2       2,7      4,0     8,4          17,4    7,9   33,7
1638051 Skálakot                    78       38,7     28,1       2,6      3,9     8,1          17,1    7,9   33,0
1639591 Miðkot                      50       42,6     28,1       3,2      3,9     8,4          17,2    8,0   33,5
Árnessýsla
1665481 Fossnes                     50       43,8     31,7       2,1      3,7     8,4          17,4    7,8   33,6
1664871 Ósabakki 2                  58       43,2     31,6       2,1      4,1     8,9          18,0    7,9   34,8
1670941 Gýgjarhólskot 1            127       46,6     31,5       2,1      4,1     8,5          17,7    7,8   34,0
                          Hæstu búsmeðaltöl fyrir bakvöðva þar sem skoðaðar voru
                                    50 gimbrar eða fleiri haustið 2013




                                                                                      Frampartur
                                                           Ómvöðvi


                                                                     Ómfita


                                                                              Lögun
                                                  Þungi
                                        Fjöldi




                                                                                                                  Heild
                                                                                                    Læri


                                                                                                           Ull
Býlisnr.   Býlisheiti
1667191    Auðsholt 4                  129       38,6     30,9       2,7      4,2     8,5          17,5    7,9   33,9
1670731    Bræðratunga                  82       48,7     30,2       3,2      4,0     8,6          17,7    8,1   34,4
1662281    Brúnastaðir 1                90       39,1     30,1       2,1      4,3     8,5          17,8    7,7   34,0
2015551    Björk 2                      91       41,7     29,7       2,1      4,0     8,5          17,5    7,8   33,8
1663501    Hurðarbak                    63       41,4     29,6       2,1      4,0     8,5          17,4    7,7   33,5
1654841    Hamar 1 og 2                 51       40,4     29,6       3,9      4,3     8,5          17,4    7,9   33,7
1667671    Hrepphólar                   74       42,3     29,5       1,6      3,8     8,5          17,4    7,8   33,6
1668432    Þverspyrna                   61       41,4     29,4       2,5      4,3     8,6          17,5    7,9   34,0
1676221    Austurey 1                   60       38,2     29,1       2,0      4,0     8,7          17,5    7,8   34,0
1671101    Hjarðarland                  75       41,8     28,7       2,7      4,1     8,5          17,4    7,7   33,5
2147941    Austurhlíð II                69       40,5     28,7       2,9      4,0     8,4          17,3    7,7   33,4
1667161    Auðsholt 1                   52       39,8     28,7       3,1      4,2     8,4          17,2    7,9   33,5
1665571    Háholt                       68       34,3     28,5       1,4      3,7     8,4          17,3    7,8   33,5
1662681    Oddgeirshólar 1             116       39,7     28,2       2,1      4,1     8,5          17,6    7,9   33,9
1667631    Hrafnkelsstaðir 1            75       40,5     28,0       1,6      4,1     8,4          17,5    7,8   33,8
