                                                         Fimm efstu lambhrútar í hverri sýslu haustið 2013




                                                                                                                  Fótleggur (mm)
                                                                               Ómvöðvi (mm)
                                Lambsnúmer




                                                                                              Ómfita (mm)




                                                                                                                                          Háls&herðar

                                                                                                                                                        Bringa&útl.
                                                                  Þungi (kg)




                                                                                                                                                                                                                   Stig alls
                                                                                                                                                                                                  Fætur

                                                                                                                                                                                                          Samr.
  Skýrslu-




                                                                                                                                                                            Malir
                                                                                                                                   Haus




                                                                                                                                                                                                                               Tæki
                                                                                                                                                                                     Læri
                                                                                                                                                                      Bak
                                                                                                            Lag




                                                                                                                                                                                            Ull
  haldsnr. Uppruni                           Faðir
Gullbringu- og Kjósasýsla
1    10405 Iðavellir 6          67           08-838   Borði       49           32             3,5           5,0   112              8,0    8,5           8,5           9,5   9,0     18,0    7,5   8,0     9,0     86,0           2
2    10733 Morastaðir           160          10-033   Skógur      53           29             4,3           4,0   110              8,0    8,5           9,0           8,5   9,0     18,5    8,0   8,0     8,0     85,5           2
3    10405 Iðavellir 6          36           08-838   Borði       44           29             2,9           4,5   113              8,0    9,0           8,5           8,5   9,0     18,0    7,5   8,0     9,0     85,5           2
4    10734 Kiðafell             221          11-003   Laufi       52           33             2,3           4,0   112              8,0    8,5           8,0           9,0   9,0     18,0    8,5   8,0     8,5     85,5           2
5    10405 Iðavellir 6          5            10-893   Birkir      51           28             2,7           4,5   114              8,0    8,5           9,0           8,5   8,5     18,0    8,0   8,0     8,5     85,0           2
Borgarfjarðarsýsla
1    20831 Múlakot              18           11-910   Þorsti      48           38             3,5           4,5   108              8,0    9,0           9,0           9,5   9,5     18,5    7,5   8,0     8,5     87,5           2
2    20804 Oddsstaðir 1         232          11-145   Hnykill     43           35             1,6           5,0   105              8,0    8,5           9,0           9,5   9,0     18,0    9,0   8,0     8,5     87,5           2
3    20831 Múlakot              11           11-910   Þorsti      56           37             4,1           4,5   107              8,0    9,0           9,5           9,0   9,0     18,0    8,0   8,0     8,0     86,5           2
4    20804 Oddsstaðir 1         253          12-147   Sómi        46           35             1,5           5,0   109              8,0    9,0           9,0           9,5   8,5     18,5    8,0   8,0     8,0     86,5           2
5    20820 Innri-Skeljabrekka   50           12-217   Þykkur      51           36             2,6           4,5   108              8,0    9,0           9,0           9,0   9,0     18,0    8,0   8,0     8,5     86,5           2
Mýrasýsla
1    30402 Bakkakot             496          11-910   Þorsti      52           31             3,2           4,5   109              8,0    8,5           8,5           9,0   9,5     18,5    8,0   8,0     8,5     86,5           2
2    30428 Sigmundarstaðir      3139         12-088               48           35             2,4           3,5   112              8,0    9,0           8,5           9,0   9,0     18,0    8,5   8,0     8,5     86,5           2
3    30428 Sigmundarstaðir      3163         09-881   Rafall      49           34             2,7           4,0   110              8,0    8,5           9,0           9,0   9,0     18,0    8,5   8,0     8,5     86,5           2
4    30762 Rauðanes 3           151          12-444   Jaki        49           34             2,6           4,5   107              8,0    8,5           8,5           9,5   9,0     18,5    8,0   8,0     8,0     86,0           2
5    30443 Hvammur              135          12-428   Herkúles    54           32             2,6           4,5   113              8,0    8,5           9,0           9,0   9,0     18,0    8,0   8,0     8,5     86,0           2
Snæfells- og Hnappadalssýsla
1    40201 Hjarðarfell          430          11-772   Klaki       62           35             2,2           4,5   109              8,0    9,0           9,0           9,5   9,5     18,5    7,5   8,0     9,0     88,0           2
2    40941 Máfahlíð             383          11-002   Brimill     52           36             3,6           4,5   105              8,0    8,5           9,0           9,5   9,0     18,5    8,5   8,0     9,0     88,0           2
3    40206 Fáskrúðarbakki       14           12-015   Glæsir      52           35             3,7           4,5   114              8,0    8,5           9,0           9,0   9,5     18,0    9,0   8,0     9,0     88,0           2
4    40914 Berg                 171          12-200   Silfri      47           33             4,4           5,0   112              8,0    9,0           9,0           9,5   9,0     18,5    7,5   8,0     9,0     87,5           2
5    40941 Máfahlíð             865          12-001   Bliki       56           34             3,2           5,0   114              8,0    9,0           9,0           9,0   9,5     18,0    8,5   8,0     8,5     87,5           2
Dalasýsla
1    50617 Hallsstaðir          3088         12-205 Sólbjartur    47           32             3,7           5,0   109              8,0    8,5           9,0           9,5   9,0 19,0        7,5   8,0     8,0 86,5               2
2    50230 Bær                  34           09-879 Gaur          49           31             4,7           4,5   109              8,0    9,0           9,0           9,0   9,0 18,0        8,0   8,0     8,5 86,5               2
3    50817 Geirmundarstaðir     160          09-207 Dagur         50           36             3,1           4,5   110              8,0    8,0           9,0           9,5   9,0 18,0        8,0   8,0     9,0 86,5               2
                                                            Fimm efstu lambhrútar í hverri sýslu haustið 2013




                                                                                                                      Fótleggur (mm)
                                                                                   Ómvöðvi (mm)
                                    Lambsnúmer




                                                                                                  Ómfita (mm)




                                                                                                                                              Háls&herðar

                                                                                                                                                            Bringa&útl.
                                                                      Þungi (kg)




                                                                                                                                                                                                                       Stig alls
                                                                                                                                                                                                      Fætur

                                                                                                                                                                                                              Samr.
   Skýrslu-




                                                                                                                                                                                Malir
                                                                                                                                       Haus




                                                                                                                                                                                                                                   Tæki
                                                                                                                                                                                         Læri
                                                                                                                                                                          Bak
                                                                                                                Lag




                                                                                                                                                                                                Ull
   haldsnr. Uppruni                              Faðir
4     50817 Geirmundarstaðir        554          10-903 Hængur        39           33             2,2           4,5   110              8,0    8,5           8,5           9,5   9,0 18,0        9,0   8,0     8,0 86,5               2
5     50605 Rauðbarðaholt           2281         11-533 Safír         50           32             3,1           4,5   108              8,0    8,5           9,0           9,0   9,0 18,0        8,5   8,0     8,5 86,5               2
Barðastrandarsýslur
1     60229 Árbær                   35           07-855   Steri       53           34             3,6           5,0   107              8,0    8,5           8,5 10,0            9,0     19,0    9,0   8,0     8,0     88,0           2
2     60229 Árbær                   270          11-034   Dagur       54           35             2,5           5,0   111              8,0    8,5           8,5 10,0            9,0     18,0    9,0   8,0     8,5     87,5           2
3     60229 Árbær                   36           07-855   Steri       61           34             4,5           4,5   108              8,0    8,5           8,5 9,5             9,0     19,0    8,0   8,0     8,5     87,0           2
4     60229 Árbær                   41           12-047   Hnokki      50           31             4,6           4,0   111              8,0    8,5           8,5 9,0             9,0     18,5    9,0   8,0     8,5     87,0           2
5     60229 Árbær                   34           12-043   Eitill      53           30             4,6           4,0   111              8,0    8,5           9,0 9,0             9,0     18,0    9,0   8,0     8,5     87,0           2
Vestur- og Norður-Ísafjarðarsýsla
1     70108 Ketilseyri              188          11-055   Bolli       55           31             3,7           4,0   102              8,0    8,5           8,5           9,0   9,0     18,5    8,5   8,0     8,5     86,5           1
2     80247 Minni-Hlíð              206          08-217   Laukur      55           34             3,1           4,5   107              8,0    8,5           9,0           9,0   9,0     18,5    7,5   8,0     8,5     86,0           1
3     70161 Birkihlíð               377          10-754   Doðri       57           35             3,7           4,0   113              8,0    8,5           8,5           9,5   9,0     18,0    8,0   8,0     8,5     86,0           2
4     70161 Botn 2                  14           09-881   Rafall      58           32             4,0           5,0   107              8,0    8,5           9,0           9,0   9,0     18,0    8,0   8,0     8,5     86,0           1
5     70106 Hólar                   527          09-103   Katt        54           32             4,0           4,5   107              8,0    8,5           9,0           9,0   9,0     18,0    8,0   8,0     8,5     86,0           2
Strandasýsla
1     90825 Laxárdalur 3            21           09-861   Dalur       63           39             3,4           4,0   110              8,0    9,0           9,0           9,5   9,5     18,5    9,0   8,0     9,0     89,5           2
2     90636 Broddanes 1             191          10-160   Krapi       52           34             4,4           4,5   106              8,0    9,0           9,0           9,5   9,0     18,5    8,5   8,0     8,5     88,0           2
3     90502 Smáhamrar 2             107          12-120   Þokki       59           37             2,9           4,0   104              8,0    9,0           9,5           9,0   9,5     18,5    7,5   8,0     8,5     87,5           2
4     90607 Miðhús                  A001         07-866   Kvistur     55           34             2,5           5,0   109              8,0    8,5           9,0           9,5   9,5     18,5    8,0   8,0     8,5     87,5           2
5     90610 Stóra-Fjarðarhorn       109          10-005   Leggur      53           36             2,3           4,0   110              8,0    9,0           9,0           9,0   9,0     18,5    8,0   8,0     9,0     87,5           2
Vestur-Húnavatnssýsla
1 100275 Efri-Fitjar                69           08-838   Borði       55           38             2,9           5,0   105              8,0    9,0           9,0 10,0            9,5     18,5    8,0   8,0     9,0     89,0           2
2 100731 Kambhóll                   312          09-879   Gaur        59           37             3,8           4,5   112              7,5    9,5           9,5 9,5             9,0     18,5    8,0   8,0     9,0     88,5           2
3 100312 Bergsstaðir                192          06-864   Prófastur   55           33             3,8           5,0   105              8,0    9,0           9,5 9,0             9,5     18,5    8,0   8,0     9,0     88,5           2
4 100414 Vatnshóll                  197          10-146   Vísir       50           31             3,3           4,5   111              8,0    9,0           9,0 9,0             9,5     18,5    8,5   8,0     9,0     88,5           2
5 100310 Syðri-Urriðaá              111          11-015   Svali       52           38             4,2           5,0   107              8,0    8,5           9,0 10,0            9,0     18,5    8,0   8,0     9,0     88,0           2
Austur-Húnavatnssýsla
1 110222 Akur                       3194         12-452 Víðir         46           41             3,2           5,0   105              8,0    9,0           9,0 10,0            9,5 19,0        8,0   8,0     8,5 89,0               2
                                                   Fimm efstu lambhrútar í hverri sýslu haustið 2013




                                                                                                            Fótleggur (mm)
                                                                         Ómvöðvi (mm)
                           Lambsnúmer




                                                                                        Ómfita (mm)




                                                                                                                                    Háls&herðar

                                                                                                                                                  Bringa&útl.
                                                            Þungi (kg)




                                                                                                                                                                                                             Stig alls
                                                                                                                                                                                            Fætur

                                                                                                                                                                                                    Samr.
  Skýrslu-




                                                                                                                                                                      Malir
                                                                                                                             Haus




                                                                                                                                                                                                                         Tæki
                                                                                                                                                                               Læri
                                                                                                                                                                Bak
                                                                                                      Lag




                                                                                                                                                                                      Ull
  haldsnr. Uppruni                      Faðir
2 110222 Akur              3139         08-466   Blær       54           40             5,2           4,5   108              8,0    9,0           9,5 10,0            9,0     18,5    8,0   8,0     9,0     89,0           2
3 110222 Akur              3051         12-452   Víðir      47           38             2,7           5,0   106              8,0    9,0           9,0 10,0            9,0     18,5    8,0   8,0     8,5     88,0           2
4 110204 Hof               23           09-888   Glæsir     61           37             2,7           5,0   110              8,0    8,5           9,0 10,0            9,0     18,0    8,5   8,0     9,0     88,0           2
5 110225 Litla-Giljá       172          11-503   Gárungi    60           34             4,9           4,5   114              8,0    9,0           9,0 9,5             9,0     18,0    8,5   8,0     9,0     88,0           2
Skagafjarðarsýsla
1 121135 Melstaður         250          12-333              29           32             4,0           5,0   110              8,0    9,0           9,0           9,0   9,0     18,5    9,0   8,0     9,0     88,5           1
2 120705 Djúpidalur        1227         11-639   Klettur    57           33             4,0           4,5   110              8,0    8,5           9,0           9,5   9,0     18,0    9,0   8,0     9,0     88,0           1
3 121510 Brúnastaðir       9156         12-028   Gutti      45           35             1,1           5,0   110              8,0    8,5           9,0           9,5   9,0     18,5    9,0   8,0     8,0     87,5           1
4 120909 Ytri-Hofdalir     151          10-875   Snævar     48           35             3,2           4,5   112              8,0    8,5           9,0           9,5   9,0     18,5    7,5   8,0     9,0     87,0           1
5 120509 Syðra-Skörðugil   20           08-840   Kjarkur    49           34             2,7           4,0   109              8,0    8,5           9,0           9,0   9,0     18,5    8,0   8,0     9,0     87,0           1
Eyjafjarðarsýsla
1 131101 Syðri-Bægisá      202          10-893   Birkir     54           35             3,8           4,5   106              8,0    9,0           9,0           9,5   9,5     18,5    8,0   8,0     9,0     88,5           1
2 131309 Finnastaðir       112          12-125   Valur      44           37             3,0           4,5   111              8,0    8,5           9,0           9,5   9,5     18,0    9,0   8,0     8,0     87,5           1
3 130908 Hvammur           271          10-150   Bjarni     50           35             5,4           4,0   110              8,0    9,0           9,0           9,0   9,0     18,5    9,0   8,0     8,0     87,5           1
4 131022 Dagverðartunga    1082         12-270   Fíi        52           32             1,9           5,0                    7,5    8,5           9,0           9,0   9,5     18,5    9,0   8,0     8,5     87,5           1
5 131616 Gullbrekka        30           12-109   Gói        52           31             4,0           4,5   110              8,0    9,0           9,0           9,0   9,0     18,0    9,0   8,0     8,5     87,5           1
Suður-Þingeyjarsýsla
1 140325 Fjósatunga        92           09-878   Bassi      59           43             2,9           5,0   108              8,0 9,5              9,0 10,0            9,0     19,0    7,5   8,0     9,0     89,0           1
2 140409 Stóru-Tjarnir     188          12-120   Auður      53           39             2,9           5,0   111              8,0 10,0             9,5 9,5             9,0     18,5    7,5   8,0     8,5     88,5           1
3 140804 Vagnbrekka        24           10-038   Hnútur     49           37             2,1           5,0   105              8,0 9,0              9,0 9,5             9,5     19,0    8,0   8,0     8,0     88,0           1
4 140301 Þverá             180          10-790   Fífill     45           37             3,3           5,0   106              8,0 9,0              9,0 9,5             9,5     19,0    7,5   8,0     8,5     88,0           1
5 140530 Hlíðarendi        22           09-877   Ás         48           32             3,3           4,5   105              8,0 9,0              9,0 9,0             9,5     19,0    8,0   8,0     8,5     88,0           1
Norður-Þingeyjarsýsla
1 150102 Laxárdalur 1      185          11-324   Kraftur    53           40             3,3           4,5   110              8,0    9,0           9,0 10,0            9,5     18,5    8,0   8,0     8,5     88,5           1
2 150342 Brekka            9            10-875   Snævar     44           37             3,7           5,0   110              8,0    9,0           9,0 9,5             9,0     18,5    9,0   8,0     8,5     88,5           1
3 150125 Garður            293          12-255   Tinni      48           36             2,7           5,0   108              8,0    9,0           9,0 9,5             9,0     18,5    9,0   8,0     8,5     88,5           1
4 150109 Flaga 1           93           11-260   Kaðall     50           30             3,0           5,0   111              8,0    9,0           9,5 8,5             9,5     18,5    9,0   8,0     8,5     88,5           1
5 150342 Brekka            22           10-893   Birkir     46           36             2,6           5,0   109              8,0    9,0           9,0 9,5             9,5     18,5    8,0   8,0     8,5     88,0           1
                                                          Fimm efstu lambhrútar í hverri sýslu haustið 2013




                                                                                                                   Fótleggur (mm)
                                                                                Ómvöðvi (mm)
                                 Lambsnúmer




                                                                                               Ómfita (mm)




                                                                                                                                           Háls&herðar

                                                                                                                                                         Bringa&útl.
                                                                   Þungi (kg)




                                                                                                                                                                                                                    Stig alls
                                                                                                                                                                                                   Fætur

                                                                                                                                                                                                           Samr.
  Skýrslu-




                                                                                                                                                                             Malir
                                                                                                                                    Haus




                                                                                                                                                                                                                                Tæki
                                                                                                                                                                                      Læri
                                                                                                                                                                       Bak
                                                                                                             Lag




                                                                                                                                                                                             Ull
  haldsnr. Uppruni                            Faðir
Norður-Múlasýsla
1 160248 Fremri-Hlíð             376          12-432   Loki        55           37             2,7           4,0   110              8,0    8,5           9,0           9,5   9,0     18,5    8,0   8,0     8,5     87,0           2
2 160248 Fremri-Hlíð             3            09-881   Rafall      64           33             5,0           4,5   107              8,0    9,0           9,0           9,0   9,0     18,0    8,0   8,0     9,0     87,0           2
3 160329 Hákonarstaðir 3         759A         10-884   Grámann     56           40             4,0           4,5   110              8,0    8,5           9,0           9,5   9,0     18,5    7,5   8,0     8,5     86,5           1
4 160751 Melar                   401A         10-862   Svali       47           38             2,7           5,0   102              8,0    9,0           8,5           9,5   9,0     18,5    8,5   7,5     8,0     86,5           1
5 160228 Burstafell I            7221         10-733   Ægir        54           30             3,3           4,5   114              8,0    8,5           8,5           9,0   9,0     18,0    9,0   8,0     8,5     86,5           1
Suður-Múlasýsla
1 170729 Slétta                  50           12-581   Freyr       55           27             2,9           4,5   112              8,0    9,0           8,5           9,0   9,5     18,0    8,5   8,0     9,0     87,5           1
2 171327 Ós                      8            09-732   Busi        57           33             3,2           4,5   110              8,0    9,0           9,0           9,5   9,0     18,5    7,5   8,0     8,5     87,0           2
3 171544 Kross                   23           12-206   Grímur      58           37             4,9           4,5   111              7,5    8,5           9,0           9,0   9,0     18,5    8,5   8,0     9,0     87,0           2
4 170701 Stóra Breiðuvík         1038         10-889   Baugur      58           33             4,0           4,0   111              8,0    8,5           9,0           9,0   9,0     18,5    8,0   8,0     9,0     87,0           2
5 170729 Slétta                  658          12-581   Freyr       54           29             5,4           3,5   107              8,0    9,0           9,0           9,0   8,5     18,5    8,5   8,0     8,5     87,0           1
Austur-Skaftafellssýsla
1 180310 Fornustekkar l          492          10-889   Baugur      63           40             4,9           4,5   110              8,0    9,0           9,5 9,5             9,5     18,5    8,5   8,0     9,0     89,5           2
2 180319 Setberg 1               9132         10-875   Snævar      53           39             4,0           5,0   105              8,0    9,0           9,5 10,0            9,5     18,0    8,0   8,0     9,0     89,0           2
3 180528 Breiðabólsst 2 Gerð     545          11-896   Prúður      50           38             3,0           4,5   110              8,0    9,0           9,5 9,5             9,0     18,5    8,0   8,0     9,0     88,5           1
4 180305 Akurnes                 76           10-875   Snævar      52           36             3,6           4,0   110              8,0    9,0           9,5 9,5             9,5     18,0    8,5   8,0     8,5     88,5           2
5 180305 Akurnes                 72           08-838   Borði       48           41             2,6           4,5   106              8,0    9,0           9,0 10,0            9,5     18,5    7,5   8,0     8,5     88,0           2
Vestur-Skaftafellssýsla
1 190215 Kirkjubæjarklaustur 2   243          10-518   Kiddi       52           36             3,5           5,0   106              8,0    9,0           9,5 9,5             9,5     18,5    7,5   8,0     9,0     88,5           1
2 190215 Kirkjubæjarklaustur 2   234          09-877   Ás          51           35             3,5           4,0   105              8,0    9,0           9,5 9,0             9,0     18,5    8,0   8,0     9,0     88,0           1
3 190404 Hraungerði              8191         08-838   Borði       56           38             1,8           4,5   107              7,5    8,5           9,0 10,0            9,5     18,5    8,0   8,0     8,5     87,5           1
4 190210 Fagurhlíð               1901         11-020   Barði       57           36             2,7           4,0   108              8,0    9,0           9,0 9,0             9,5     18,5    8,0   8,0     8,5     87,5           1
5 190316 Úthlíð                  6001         10-893   Birkir      49           35             2,7           4,0   108              8,0    8,5           9,5 9,5             9,0     18,5    8,0   8,0     8,5     87,5           1
Rangárvallasýsla
1 200438 Hemla 2                 7            09-877 Ás            54           34             2,7           5,0   107              8,0    9,0           9,5 9,5             9,0 19,0        9,0   8,0     8,5 89,5               1
2 200102 Ytri-Skógar             113          10-875 Snævar        55           38             2,3           5,0   110              8,0    9,0           9,0 10,0            9,5 18,5        8,0   8,0     8,5 88,5               1
3 200517 Teigur 1                1027         08-869 Guffi         53           37             4,5           5,0   109              8,0    9,0           9,0 10,0            9,0 18,5        8,0   8,0     8,5 88,0               2
                                                       Fimm efstu lambhrútar í hverri sýslu haustið 2013




                                                                                                                Fótleggur (mm)
                                                                             Ómvöðvi (mm)
                                Lambsnúmer




                                                                                            Ómfita (mm)




                                                                                                                                        Háls&herðar

                                                                                                                                                      Bringa&útl.
                                                                Þungi (kg)




                                                                                                                                                                                                                 Stig alls
                                                                                                                                                                                                Fætur

                                                                                                                                                                                                        Samr.
  Skýrslu-




                                                                                                                                                                          Malir
                                                                                                                                 Haus




                                                                                                                                                                                                                             Tæki
                                                                                                                                                                                   Læri
                                                                                                                                                                    Bak
                                                                                                          Lag




                                                                                                                                                                                          Ull
  haldsnr.   Uppruni                         Faðir
4 200412     Vestra-Fíflholt    253          12-263 Heimir      43           35             2,0           5,0   102              8,0    9,0           9,5           9,5   9,0 18,5        8,5   8,0     8,0 88,0               1
5 200425     Álfhólar           73           12-187 Styrkur     49           30             2,7           4,0                    8,0    9,0           9,5           9,0   9,0 19,0        8,0   8,0     8,5 88,0               2
Árnessýsla
1 210806     Ósabakki 2         57           12-789             51           37             2,0           4,0   110              8,0    9,0           9,5           9,5   9,5     18,5    8,0   8,0     9,0     89,0           2
2 211060     Syðra-Langholt 3   71           08-869 Guffi       51           33             2,6           4,5   105              8,0    9,0           9,5           9,5   9,0     18,5    8,5   8,0     8,5     88,5           2
3 211937     Bræðratunga        3            10-890 Kroppur     58           37             4,5           4,0   110              8,0    8,5           9,0           9,5   9,5     19,0    8,0   8,0     8,5     88,0           2
4 210806     Ósabakki 2         24           08-838 Borði       51           35             2,3           5,0   106              8,0    9,0           9,5           9,5   9,0     18,5    8,0   8,0     8,5     88,0           2
5 210806     Ósabakki 2         58           12-789             48           34             1,7           4,5   104              8,0    9,5           9,0           9,5   9,0     18,5    8,0   8,0     8,5     88,0           2
