                          Dómar hrútlamba undan sæðingastöðvahrútum haustið 2013




                                                                                              Háls og
                                                              bakvöðva




                                                                                                                                                           Samræmi
                                                                          Fótleggur
                                           Ómvöðvi




                                                     Ómfita
                       lamba
                       Fjöldi



                                  Þungi




                                                                                                        útlögur
                                                                                              herðar




                                                                                                                                                  Fætur




                                                                                                                                                                     ALLS
                                                                                                                         Malir
 föður




            föður




                                                                                                        Bringa
                                                                                      Haus
            Nafn




                                                                                                                                  Læri
                                                               Lögun




                                                                                                                  Bak
  Nr.




                                                                                                                                         Ull
                                                                                                           og
Hyrndir hrútar:
06-807 Púki              114      48,0    27,80      3,04       3,81     110,6          8,0      8,1       8,5     8,4      8,6   17,3    7,8        8,0       8,2   82,9
06-831 Stáli             167      45,4    28,60      2,58       3,86     110,5          7,9      8,1       8,4     8,4      8,5   17,3    7,9        8,0       8,1   82,8
06-833 Grábotni          186      47,4    29,07      2,66       4,10     109,9          8,0      8,2       8,5     8,6      8,7   17,5    7,9        8,0       8,2   83,5
06-864 Prófastur         175      47,2    27,42      2,90       3,85     109,4          8,0      8,0       8,4     8,2      8,5   17,2    7,9        8,0       8,3   82,4
07-844 Jökull             78      47,4    28,92      2,84       3,97     109,4          8,0      8,2       8,5     8,5      8,6   17,4    7,8        8,0       8,2   83,1
07-865 Blakkur            57      46,7    28,37      2,96       4,06     109,6          8,0      8,2       8,5     8,4      8,5   17,3    7,9        8,0       8,0   82,8
07-866 Kvistur           172      47,0    29,89      2,60       4,10     108,9          8,0      8,2       8,5     8,6      8,6   17,4    7,8        8,0       8,2   83,3
07-867 Snær              187      46,3    29,91      2,42       4,19     110,8          8,0      8,1       8,3     8,6      8,5   17,4    8,0        8,0       8,3   83,2
07-868 Knapi              63      46,0    28,71      2,26       3,86     109,2          8,0      8,0       8,4     8,4      8,5   17,3    7,7        8,0       8,3   82,6
08-838 Borði             205      46,0    30,79      2,80       4,17     108,1          7,9      8,3       8,5     8,8      8,7   17,6    7,8        8,0       8,2   83,8
08-840 Kjarkur           390      45,5    28,80      2,88       3,89     108,7          8,0      8,0       8,4     8,4      8,4   17,3    7,8        8,0       8,2   82,4
08-869 Guffi             154      46,2    29,38      2,60       4,06     108,7          8,0      8,2       8,5     8,6      8,6   17,4    7,8        8,0       8,2   83,4
08-870 Hergill           131      46,3    29,23      2,85       4,01     109,1          8,0      8,1       8,5     8,5      8,6   17,4    8,0        8,0       8,3   83,4
08-871 Þróttur            76      45,7    29,35      3,03       4,03     108,6          8,0      8,3       8,6     8,6      8,6   17,5    7,8        8,0       8,2   83,6
08-872 Þristur            15      50,8    29,08      2,59       4,01     111,2          8,0      8,0       8,4     8,5      8,6   17,5    7,9        8,0       8,3   83,3
08-873 Tenór             190      47,4    29,70      2,50       4,02     109,7          8,0      8,0       8,4     8,5      8,5   17,3    7,9        8,0       8,3   82,9
09-874 Seiður             22      46,6    28,64      2,61       4,02     109,4          8,0      8,1       8,4     8,4      8,6   17,3    7,9        8,0       8,2   83,0
09-877 Ás                265      46,9    28,17      2,73       3,99     107,6          8,0      8,2       8,5     8,4      8,6   17,6    8,1        8,0       8,2   83,7
09-878 Bassi              79      45,5    29,75      2,71       4,06     108,3          8,0      8,3       8,5     8,6      8,6   17,4    7,7        8,0       8,2   83,2
09-879 Gaur              459      47,2    28,21      2,64       4,01     109,6          8,0      8,1       8,4     8,4      8,5   17,4    7,9        8,0       8,3   83,0
09-880 Gumi              150      48,2    27,81      2,97       3,92     110,0          7,9      8,1       8,4     8,3      8,4   17,2    7,8        8,0       8,2   82,3
09-881 Rafall            187      48,4    29,12      3,04       4,09     109,0          8,0      8,1       8,4     8,5      8,6   17,5    8,0        8,0       8,3   83,4
10-875 Snævar            189      46,3    30,24      2,91       4,14     109,2          8,0      8,3       8,6     8,7      8,7   17,5    8,0        8,0       8,1   84,0

Ráðgjafarmiðstöð landbúnaðarins                                                                                                                 Eyjólfur Ingvi Bjarnason
www.rml.is                                                                                                                                               eyjolfur@rml.is
Sími: 516-5000                                                                                                                                             Október 2013
                          Dómar hrútlamba undan sæðingastöðvahrútum haustið 2013




                                                                                              Háls og
                                                              bakvöðva




                                                                                                                                                           Samræmi
                                                                          Fótleggur
                                           Ómvöðvi




                                                     Ómfita
                       lamba
                       Fjöldi



                                  Þungi




                                                                                                        útlögur
                                                                                              herðar




                                                                                                                                                  Fætur




                                                                                                                                                                     ALLS
                                                                                                                         Malir
 föður




            föður




                                                                                                        Bringa
                                                                                      Haus
            Nafn




                                                                                                                                  Læri
                                                               Lögun




                                                                                                                  Bak
  Nr.




                                                                                                                                         Ull
                                                                                                           og
10-883 Stakkur            94      47,1    27,33      2,81       3,86     107,9          8,0      8,1       8,4     8,3      8,5   17,3    7,9        8,0       8,2   82,7
10-884 Grámann           218      45,7    29,72      2,75       4,04     109,3          8,0      8,2       8,5     8,6      8,6   17,4    7,8        8,0       8,2   83,3
10-885 Soffi              86      47,9    28,94      2,92       3,88     109,7          8,0      8,0       8,4     8,5      8,4   17,1    7,9        8,0       8,3   82,5
10-893 Birkir            313      46,6    29,10      2,52       3,98     109,8          7,9      8,2       8,5     8,6      8,6   17,5    7,8        8,0       8,2   83,4
11-895 Drífandi          149      44,4    29,20      2,59       4,04     108,7          8,0      8,1       8,4     8,4      8,6   17,5    7,8        8,0       8,2   83,0
11-896 Prúður            465      45,4    28,54      2,70       3,95     108,1          8,0      8,2       8,4     8,4      8,5   17,4    7,8        8,0       8,2   82,8
      MT. HYRNDIR       5.036     46,5    28,93      2,73       4,00     109,1          8,0      8,1       8,5     8,5      8,6   17,4    7,9        8,0       8,2   83,1
Kollóttir hrútar:
07-855 Steri             226      47,5    28,66      3,03       3,99     109,2          7,9      8,2       8,4     8,4      8,5   17,4    8,1        8,0       8,3   83,2
08-856 Brjánn             47      48,7    27,48      3,00       3,82     110,8          7,9      8,1       8,4     8,2      8,4   17,3    8,2        8,0       8,3   82,8
08-858 Forði              89      49,8    27,62      3,08       3,75     111,2          7,9      8,1       8,3     8,2      8,4   17,2    8,3        8,0       8,2   82,7
08-859 Ljúfur             79      47,6    28,41      3,43       3,92     109,6          7,9      8,1       8,3     8,3      8,4   17,2    8,3        8,0       8,2   82,7
09-860 Sigurfari          55      49,3    27,25      3,27       3,72     111,3          7,8      8,2       8,5     8,3      8,6   17,4    8,0        8,0       8,2   83,1
09-861 Dalur              34      49,9    28,81      2,89       3,63     111,0          7,9      8,1       8,4     8,2      8,5   17,3    8,2        8,0       8,3   82,9
09-887 Höttur             97      47,4    27,38      3,18       3,67     110,6          7,9      8,1       8,3     8,1      8,4   17,3    7,9        8,0       8,3   82,3
09-888 Glæsir            142      47,6    27,62      2,95       3,76     111,0          7,9      8,1       8,3     8,1      8,4   17,2    8,0        8,0       8,3   82,2
09-891 Strengur          182      50,0    27,68      3,31       3,81     109,7          7,9      8,2       8,4     8,3      8,5   17,4    8,3        8,0       8,3   83,3
09-892 Dolli             156      48,9    27,64      2,84       3,70     111,2          7,9      8,0       8,3     8,2      8,4   17,1    8,3        8,0       8,2   82,3
10-862 Svali              80      46,4    29,39      2,91       3,99     108,2          8,0      8,3       8,4     8,5      8,6   17,5    8,4        7,9       8,2   83,7
10-889 Baugur             39      49,6    29,95      2,98       4,00     110,4          8,0      8,4       8,5     8,7      8,7   17,6    8,4        8,0       8,3   84,4
10-890 Kroppur           223      47,6    29,01      3,30       3,96     110,2          7,9      8,3       8,4     8,5      8,6   17,5    8,2        8,0       8,2   83,7
   MT. KOLLÓTTIR        1.449     48,3    28,20      3,11       3,85     110,2          7,9      8,2       8,4     8,3      8,5   17,3    8,2        8,0       8,3   83,0

      MEÐALTAL 6.485              46,9 28,73         2,84     3,97 109,4               8,0       8,1      8,4      8,4    8,5     17,4    7,9      8,0       8,2     83,1

Ráðgjafarmiðstöð landbúnaðarins                                                                                                                 Eyjólfur Ingvi Bjarnason
www.rml.is                                                                                                                                               eyjolfur@rml.is
Sími: 516-5000                                                                                                                                             Október 2013
                          Dómar hrútlamba undan sæðingastöðvahrútum haustið 2013


                                     Yfirlit yfir meðaltöl hvers árs frá árinu 2003
                                    Fjöldi
                          Ár                Meðalþungi   Ómv.   Ómf.   Lögun    Læri   Stig alls
                                  hrútlamba
                         2003       4.955      48,0      27,6   3,2      3,7    16,8     81,7
                         2004       4.909      47,2      27,8   3,3      3,8    17,0     82,2
                         2005       5.598      47,4      27,7   3,2      3,7    17,1     82,2
                         2006       5.522      47,1      27,9   3,0      3,8    17,1     82,2
                         2007       5.493      46,6      28,5   2,9      3,9    17,2     82,6
                         2008       4.602      47,3      29,1   2,9      4,1    17,2     82,7
                         2009       5.712      47,7      29,0   2,9      4,0    17,4     83,0
                         2010       6.266      47,0      29,1   2,7      4,1    17,4     83,1
                         2011       6.027      47,1      29,1   2,9      4,1    17,4     83,2
                         2012       6.076      48,0      29,4   3,0      4,1    17,5     83,4
                         2013       6.485      46,9      28,7   2,8      4,0    17,4     83,1




Ráðgjafarmiðstöð landbúnaðarins                                                           Eyjólfur Ingvi Bjarnason
www.rml.is                                                                                         eyjolfur@rml.is
Sími: 516-5000                                                                                       Október 2013
